0 0 701 2643.5828 18 43 20
1 0 701 2660.3735 18 17 17
2 0 701 2784.0698 20 19 18
3 0 701 2784.0698 20 19 18
4 0 701 2760.3735 18 17 17
0 0 749 3400.3398 28 140 52
1 0 749 3400.3398 28 57 30
2 0 749 3400.3398 28 28 23
3 0 749 3400.3398 28 28 23
4 0 749 3500.3398 28 57 30
0 0 776 1745.4877 18 67 30
1 0 776 1745.4877 18 49 23
2 0 776 1785.1445 17 17 13
3 0 776 1785.1445 17 16 13
4 0 776 1845.4877 18 49 23
0 0 786 2522.4624 38 207 42
1 0 786 2799.2878 30 37 25
2 0 786 2802.8774 30 31 29
3 0 786 2802.8774 30 32 28
4 0 786 2899.2878 30 37 25
0 0 850 475.14545 12 17 9
1 0 850 478.4389 12 14 11
2 0 850 475.14545 12 13 9
3 0 850 475.14545 12 13 9
4 0 850 578.4389 12 14 11
0 0 875 2079.2886 26 71 29
1 0 875 2079.2886 26 52 29
2 0 875 2282.3376 24 25 29
3 0 875 2282.3376 24 25 29
4 0 875 2179.2886 26 52 29
0 0 886 3276.2732 26 161 46
1 0 886 3276.2732 26 67 30
2 0 886 3556.8945 22 21 20
3 0 886 3556.8945 22 21 20
4 0 886 3376.2732 26 67 30
0 0 900 2807.5967 38 214 40
1 0 900 3084.4219 30 36 25
2 0 900 3203.4517 32 35 31
3 0 900 3203.4517 32 34 30
4 0 900 3184.4219 30 36 25
0 0 932 986.5423 18 53 21
1 0 932 1022.49817 20 29 17
2 0 932 1019.2047 20 26 14
3 0 932 1082.5892 16 20 15
4 0 932 1122.4982 20 29 17
0 0 12 3408.7227 32 236 28
1 0 12 3433.4668 31 74 42
2 0 12 3705.2852 32 42 35
3 0 12 3705.2852 32 44 34
4 0 12 3533.4668 31 74 42
0 0 64 3228.964 40 484 38
1 0 64 3232.2576 40 450 37
2 0 64 3549.7742 37 414 37
3 0 64 3652.251 38 363 37
4 0 64 3332.2576 40 450 37
0 0 149 2752.0798 26 83 28
1 0 149 2782.9 27 74 33
2 0 149 2786.8533 26 31 32
3 0 149 2786.8533 26 32 31
4 0 149 2882.9 27 74 33
0 0 174 809.1308 18 38 15
1 0 174 812.42426 18 37 15
2 0 174 809.1308 18 23 13
3 0 174 929.3651 18 23 13
4 0 174 912.42426 18 37 15
0 0 214 3486.4084 35 201 42
1 0 214 3963.6177 35 96 45
2 0 214 4299.8887 34 39 39
3 0 214 4299.8887 34 40 40
4 0 214 4063.6177 35 96 45
0 0 100 3540.1797 39 532 38
1 0 100 3543.4731 39 522 34
2 0 100 3540.1797 39 494 34
3 0 100 3647.326 38 491 35
4 0 100 3643.4731 39 522 34
0 0 201 1666.2063 22 54 24
1 0 201 1666.2063 22 37 25
2 0 201 1666.2063 22 26 26
3 0 201 1666.2063 22 26 26
4 0 201 1766.2063 22 37 25
0 0 300 1199.4077 25 68 25
1 0 300 1202.7012 25 48 28
2 0 300 1439.665 28 33 22
3 0 300 1445.2394 23 28 23
4 0 300 1302.7012 25 48 28
0 0 400 1619.4579 21 76 25
1 0 400 1652.191 18 33 22
2 0 400 1656.2799 18 19 21
3 0 400 1656.2799 18 19 21
4 0 400 1752.191 18 33 22
0 0 500 1171.6611 14 35 15
1 0 500 1171.6611 14 16 11
2 0 500 1171.6611 14 14 11
3 0 500 1171.6611 14 14 11
4 0 500 1271.6611 14 16 11
0 0 600 2290.1633 36 189 39
1 0 600 2293.4568 36 65 41
2 0 600 2563.6013 29 30 25
3 0 600 2563.6013 29 30 25
4 0 600 2393.4568 36 65 41
